66911
8233
64140
68851
20581
32414
89512
6621
94946
73404
29115
5708
21473
52570
44123
29719
87203
22482
10049
58908
92030
61826
30963
2128
54091
46690
91004
97672
83301
60011
45298
24310
21495
10195
26881
40102
929
82495
8389
76798
15300
58787
57014
56530
98651
30157
52488
66119
59683
950
78194
79315
18304
10651
44376
74119
47350
94608
95701
51332
40872
33535
27594
24676
91623
65185
66804
88524
62142
72746
10623
86707
6071
59916
77223
27164
78760
27676
77700
66607
5821
44373
41365
37321
21074
36151
21950
83415
51821
11089
59754
91102
11888
45051
32664
11111
1771
28838
9148
31805
69161
4705
53102
78804
37723
74002
32058
4454
38367
34809
93242
40940
98188
10608
29864
65746
42157
30735
11370
27269
70957
21689
22217
5647
37359
7660
36323
75288
49486
80709
73051
70301
72037
55389
30891
77545
17224
25233
5887
80946
85219
82286
89603
9478
70404
9876
42807
52873
98285
7978
95858
95795
96760
93089
90806
41623
3835
52805
17495
15359
3107
5020
73237
79711
12553
67561
37353
1574
53302
25924
65496
20966
96017
3779
92106
18876
14201
93319
45202
2076
51093
89672
71529
56727
45663
4843
56261
54168
30056
86421
33738
88084
52783
51845
40334
95426
83846
10582
75085
28926
25925
80431
60478
98264
42427
80443
93529
6351
57667
13856
39245
42185
85421
77583
858
19728
69532
3579
10842
39877
39155
20384
23378
64440
3903
21802
40616
71000
77851
81353
37079
74067
17390
74640
5058
26368
14936
76833
94316
57192
93632
9779
39804
7876
97922
76440
19845
90196
71104
94387
28881
9800
66621
13927
45357
27675
45921
98309
35070
5627
84492
90608
62882
28599
34881
95266
75288
28045
38668
16822
67586
8324
90865
75744
1871
10822
502
85615
45566
56695
23583
87490
5042
17996
6749
35010
12298
47384
85858
40579
54707
15371
6320
68365
12033
78589
39230
18435
34712
78512
40988
93276
35565
30889
62139
50074
6358
40819
4690
58985
32083
6380
1854
84586
66885
47477
5604
97235
33926
93686
46478
28967
60901
63149
94294
68192
59968
88796
15953
72766
83593
41639
16215
9219
23717
66621
46381
25322
778
45594
39055
49528
72746
24163
52384
74843
58803
20386
50856
68657
69020
78899
18532
86863
70671
57348
94111
98700
92200
11379
65959
57199
87580
67600
84042
46959
78458
22415
85084
97739
20307
98854
20101
103
15004
28211
27299
36068
39079
78579
21715
95096
19016
41447
15538
51295
47695
19306
27064
76178
75481
5704
93270
84921
11377
69088
67539
70397
93323
67055
48189
68400
81582
27847
48489
71132
61068
79000
16617
87390
45153
16632
38189
77138
13687
68024
24842
2620
87722
95322
6960
16988
91692
40708
5229
81750
94778
13296
92378
89751
59406
62249
73103
39411
19830
516
81969
7618
10843
22266
74792
10103
82765
46962
16088
12280
88095
49461
35815
73767
32872
21560
3434
79909
6586
91830
74694
48502
29690
52522
801
72619
13060
58571
87575
50169
17133
66029
25517
71016
15145
80588
50472
69087
8188
62082
80100
33032
3893
86856
15345
81237
91940
94421
97241
22929
85181
84242
82673
45226
25028
86656
48499
79815
44564
35952
98267
82575
19029
27061
81410
95790
35402
47398
26682
5167
50672
25327
633
19076
42349
10108
36336
37058
45276
95313
85681
76635
98908
73825
23299
17876
12157
57114
94861
29786
78425
34427
33265
75068
95870
47147
4983
92588
36526
91564
57333
46849
90331
65176
20897
87436
8894
92599
13247
91086
2424
46674
94409
89174
94112
14562
77148
30657
80486
22845
83184
39258
21168
14606
56407
18479
21111
2475
89303
74574
39322
92789
63725
27181
77299
47541
44108
18783
97146
36155
34071
84647
9507
16736
40186
58346
63682
87482
40402
35394
19157
72885
57932
47007
94443
96919
87823
84018
89368
15131
95143
74985
32591
68026
86414
59303
88480
4970
8022
29054
66559
56692
49394
15207
42459
64655
47114
51600
80418
56122
1866
51694
72000
5014
70610
27149
11485
17974
54098
59182
46669
66216
20073
64033
66523
57066
47100
96452
2832
17349
74552
38361
91455
58159
25262
55237
67867
69513
59928
23850
68561
87890
97412
91846
41577
38836
2863
23804
97160
25983
72459
61089
80164
16255
36511
42871
28028
60048
33371
47941
48619
56034
38447
92806
63076
53048
23805
69017
1512
3978
89761
90687
46860
12215
15599
43011
93783
63703
29320
53346
38222
9544
42769
86485
52176
2189
90697
2481
17556
25221
13825
74951
29898
88708
19855
69698
36463
40857
66431
88653
9036
61504
50233
18022
93574
91863
59389
77705
62581
83977
79149
56367
96234
68946
22103
43190
82558
97571
87420
95963
70723
74624
28670
44169
88142
2393
52182
11440
45158
75371
2705
49999
35236
53275
96131
77050
62019
73824
17104
79351
59342
26886
87682
86596
70499
94244
63622
89118
95925
45899
47663
6275
21834
11034
65044
70708
42102
55610
23850
64924
71710
94543
17327
21723
23344
35366
6547
93509
21520
59959
45385
49704
34868
38816
73506
68507
13176
86801
23803
65377
94192
95793
70417
74146
78242
70753
27126
79137
51380
3653
2206
40473
1765
20639
72516
45713
58217
81781
76882
61023
61317
64029
92519
54262
48175
57925
78889
36944
70429
1253
11022
68219
18287
82995
13970
72749
53832
1648
33917
94034
31186
47533
52734
88586
79949
27511
63376
73919
29481
83257
25219
89301
48152
19848
28460
77742
67313
8096
10700
85763
91776
98724
80402
69190
31064
41788
57305
58929
86010
88111
96452
9976
90005
5120
4102
58504
81216
81863
61832
95127
70100
18987
88850
38290
62485
61878
2006
18572
20084
80020
29350
51479
59017
53429
26502
40350
93546
89426
10857
88483
12800
31607
16492
822
41120
98606
76704
87466
57204
94506
69629
4489
88525
4814
88862
98408
14705
24961
17904
29850
44503
68068
11649
41696
79580
10996
34055
19950
11227
61640
94046
79968
54745
69038
31738
12514
26737
24596
13226
76622
75104
85092
13840
95456
93249
8019
80271
11074
7150
51197
37720
88470
49248
59959
6496
12747
16959
78604
46697
6384
23049
74426
462
75327
71354
86808
92062
89328
46784
65518
25407
26041
19841
39344
67674
9590
92486
34605
85875
35434
30738
95961
38749
90867
83009
52834
69907
76361
31285
5780
51749
33333
37567
67060
90921
95507
23678
86225
61804
13840
83984
26462
17807
18883
53088
85299
25732
28195
96180
68747
87076
32849
13
29796
49308
3695
26648
61097
25859
3353
76552
67448
33986
1552
54175
46066
85559
21627
5643
14234
5243
3149
67647
56778
68546
98281
23196
83377
50159
64518
15207
39505
41131
25933
53054
22752
13437
87316
71586
91561
23573
39463
1636
24160
97091
43195
20808
98921
64313
96498
60086
60829
69141
88887
96850
35439
75482
77073
8532
89869
66979
84289
27578
44103
85991
13051
31094
42919
5662
79971
78652
61934
72842
87187
70027
14239
83924
6721
70208
51995
55210
2125
66206
33044
36637
19015
73516
81776
51529
12580
94947
17777
1134
90826
48681
77116
86389
88819
94297
42799
95804
43845
63914
56136
10451
25318
45546
44055
88082
61664
84974
89933
39193
17787
17038
4878
27708
69585
17165
91258
79733
87417
55412
90721
29185
13888
73113
93992
40079
41397
30868
93011
57437
74989
58158
79268
85502
58754
87221
22010
35716
17094
17596
12122
16232
55580
82040
47058
49313
52256
54602
86977
22097
75119
7321
69690
43086
55831
33902
61534
87195
76159
29885
71891
66310
17800
31800
79785
2098
75154
79014
32733
52602
48912
70430
53832
3767
65866
9260
93611
7433
9400
72677
34907
91976
73870
92267
25199
57515
13531
18784
56143
14316
43997
62505
4227
1492
59253
58735
31744
12808
28163
32465
7238
83415
61701
21789
10969
61677
35039
57518
38336
21742
86427
53324
13633
4275
37134
83160
90028
32283
16502
2149
52728
69071
42069
5391
11142
3414
45901
68003
18254
65803
14382
44701
28669
92553
48172
92518
96350
75854
58336
84833
79398
90310
28708
13460
45469
26590
92143
44291
772
7521
30138
36072
10715
46874
82248
76917
50899
66306
14500
43240
41113
33551
58383
39058
95866
68211
35610
13259
25540
77286
92236
20439
22946
85700
32125
35452
23083
11932
83747
52826
64444
51954
166
44407
87745
51044
66377
29911
6321
25464
62966
68035
61708
8166
15925
53934
39812
12931
30141
48063
52212
91073
23706
27009
4861
97602
78060
63942
37743
92704
32526
84814
53902
71914
17247
55356
86833
84315
48053
59036
16255
34395
49119
53990
83283
85932
47416
10515
26177
26058
97424
66852
77570
76594
20535
56820
77656
85598
5250
78369
54101
42737
75056
83056
12113
37822
54104
669
51195
67794
94069
66354
61416
70277
52055
3728
95185
26072
51837
71545
46466
80917
51940
72267
68009
31218
74500
40704
84578
95228
60633
75436
32766
32159
43536
86010
94279
23265
89874
71316
1530
56697
23528
67476
13899
32396
84549
84389
91995
27494
92603
6946
28899
8189
40969
81866
81991
37241
6910
71926
78142
63983
83756
47545
76966
58794
83597
68582
75655
95267
14058
92570
50687
52895
12430
3594
54166
80974
78083
28569
70717
76472
87502
37385
68494
75503
96639
27306
43236
41687
40338
72213
96033
63019
93436
74711
6831
10152
4167
9324
39639
64686
84859
23069
78899
26212
48415
28308
42424
45479
39564
31348
66085
92750
94052
31354
45930
21469
82236
3168
79054
29316
81722
39005
85755
93918
89615
92778
3686
41867
48772
82214
75092
56490
66098
95485
79636
2866
82791
81689
83426
51455
28020
72544
7274
67892
40635
3431
40031
68872
53237
44407
6245
60864
93929
19392
65389
30857
36817
93325
61033
92460
33617
12787
49182
81448
52527
57907
58913
87379
84641
6659
66396
70746
52131
67276
64336
35046
706
59660
53767
93148
95570
92599
14412
24833
48187
68502
77869
40779
59416
53157
24382
7970
68911
52911
69253
32845
45006
52768
9167
1211
64630
42832
87409
69173
61737
15123
10944
33338
50276
23577
49465
86395
98808
7714
20112
21078
17556
7651
13661
2166
91165
52992
85581
57204
75481
75270
44555
79813
61321
42793
58930
17201
47943
66464
9260
45629
88616
32268
45643
88244
96228
58698
55350
74125
21940
45175
19889
92341
52607
13134
70686
54068
8405
69966
87805
144
31501
70106
6482
94880
60170
9218
84680
94221
80181
54889
7173
35711
69113
97400
35203
92351
56252
90642
82140
64850
29715
88565
57073
69691
93982
83762
39223
14694
17892
57178
8752
74457
64401
77561
79018
38564
19680
22556
68228
16710
31420
62982
29880
35869
70689
67244
4660
38520
81970
69221
5760
40305
16686
68559
26440
16061
75877
61007
12195
46141
93225
40056
55775
64911
46238
44807
32906
72290
11681
60401
25860
26297
22608
55077
55170
93284
62436
42716
96686
38704
49706
35199
18213
3930
36750
95147
3180
88444
26646
12117
76999
86941
80770
58411
39470
34456
13826
46552
57473
77764
90143
79916
61392
37202
46714
53455
17950
33395
4943
61873
40630
25490
17428
72652
16807
54910
65527
90465
12158
19300
3051
42200
5161
403
21208
64958
14884
47847
62701
44773
88796
76456
48536
10077
30961
28127
1344
36087
67083
97105
25517
50668
83440
25169
8128
73354
8961
40878
739
14405
71730
17492
32322
29049
2083
12507
2041
26241
32226
53552
63465
96784
70992
43656
26297
41276
12197
24928
37581
566
86543
46178
26224
3989
95433
1150
79207
9963
28177
6357
70888
21447
66057
87990
18934
40934
73740
2202
21841
12504
82694
68600
47063
13596
72414
76079
51500
82873
41740
24334
27967
22522
44590
43947
90203
24717
61346
26806
82350
4134
54389
90720
79733
29789
77802
68150
75970
87251
55408
30962
2729
38668
6338
50129
32241
46248
49593
86589
3763
83607
19307
63950
90817
14514
97017
84473
86581
2462
72762
26651
77506
69142
14371
34054
10698
83597
15574
58651
78964
18327
23054
24801
59428
41066
42338
34350
14142
41239
33727
64394
87103
54800
94004
93128
38589
12207
46478
82426
93799
36583
62401
96344
58033
67206
28639
43396
9443
57178
16529
55930
10583
9146
44891
97370
49502
52224
93215
96622
65690
48898
78803
74332
709
94111
82411
57913
64145
2591
28006
2365
60758
36707
60162
13305
25547
83933
74284
82304
6089
81426
10092
25703
56203
27370
97331
3013
18928
74565
52515
45983
85277
46627
66769
1321
40342
74013
52318
89625
80481
21863
59519
39141
29055
93168
181
3314
67658
27978
1217
92414
4064
64317
98964
71085
90332
55394
75821
90593
93014
43771
36858
35121
69155
51593
85250
17238
53236
9947
77404
39912
29552
85898
73220
59599
67961
95520
27704
77043
79103
24570
63813
90980
64184
88048
48218
170
47749
4391
95412
78092
21368
46012
12844
82993
36459
81146
40269
52769
23817
97553
74985
46543
18631
46412
89296
97222
69570
16574
20750
92179
38540
48503
7296
36606
65498
86807
46497
97102
44611
95318
88894
69042
76441
59584
48258
10182
86795
27657
1653
47510
40532
47477
98729
71985
52596
65505
80187
63317
34936
23522
32721
70
93636
14666
56699
44994
40454
16053
52246
92233
14176
86058
90900
13431
19741
27545
8794
25525
28073
77987
45378
3375
11209
85300
26865
90431
38570
13061
39139
2852
22964
20009
22295
8910
15591
78417
66573
38552
85751
76387
56599
74750
1698
46802
36436
18244
70500
70792
3317
22242
50877
78597
6534
71245
25702
79345
48637
5507
730
58654
20158
27120
70416
50682
81902
38456
67500
68094
82483
39252
49853
50106
95830
87935
7687
24551
89387
40241
23532
78287
82390
86355
38797
24671
9877
47757
52406
89440
41887
26956
74530
16346
75167
34746
20074
67143
63927
49351
57865
42019
48940
76436
20863
14517
82917
26519
75401
79996
91354
89245
77071
68074
89856
35489
52001
90508
89610
36867
69412
41639
92946
96783
76849
89666
67305
13721
12609
68392
81821
43235
285
37961
69601
92487
83039
68008
73632
30651
65935
86968
93936
25257
79568
37339
69882
61828
77705
23198
56915
4421
25195
51661
18650
66765
61716
14683
84766
60046
71091
39329
69533
36448
76700
41624
87821
14439
49467
75522
4558
20441
28104
27161
38716
55957
79184
95040
52617
55850
86983
66365
80868
54565
82824
33516
46644
67290
14141
9366
95471
84783
62290
15722
57823
35985
30425
89957
55116
53603
8668
13218
60722
66168
94876
94102
9035
51260
67826
43096
47282
86198
11171
50168
92603
21725
65548
53620
98643
41331
14555
7984
64906
11018
47561
31789
73271
32662
88854
78668
59462
12614
68091
54174
38010
55286
90365
71847
51675
37672
86139
37274
81027
64599
57019
36129
25265
36363
3993
43774
12325
62843
27030
55786
58216
39663
600
78671
30496
66068
2321
69485
24011
32321
76198
62614
52759
13516
45570
55919
61317
24058
50630
33911
91288
69521
37975
6962
76167
72527
14085
4285
816
20113
11536
70098
33948
23234
33720
97941
56160
35330
42128
24566
7428
13789
83682
66326
68919
72968
70255
24411
78993
46678
28545
57976
64011
51533
44738
891
97510
11151
58547
85135
37422
6000
46968
95053
93917
48813
3811
60086
509
6664
69524
12821
93493
24293
77557
54788
84688
67472
77367
17625
7513
91440
19123
43035
20577
88285
83776
83917
92063
28964
83027
79846
80953
44037
87657
93395
18765
81519
58066
80639
61556
29779
28300
63073
48911
79402
63111
37935
74268
50692
13487
83086
74318
7898
19400
41560
11146
80491
16304
74861
32182
4073
33286
87474
35976
74473
11599
9369
88329
44555
51939
96959
67106
89496
91398
20763
38078
43603
84277
38702
10071
41224
42704
60877
55769
18597
94129
94336
38450
67913
65892
39364
59259
330
62520
40243
45961
23996
41664
42330
94166
97401
84959
53362
60436
46763
2636
76157
31816
50429
84658
36762
23299
93554
44122
65579
81956
83816
14456
48609
28356
41537
46997
40423
66364
92409
91335
67202
15898
18405
80871
62812
47444
82199
2227
75031
65734
75399
13218
42069
63174
84544
39819
80880
80039
10440
6657
57492
27861
73917
29181
1492
16806
14057
12780
85086
979
95627
44958
77346
42580
56933
24528
86790
33058
77658
85156
49273
18892
7792
98055
11950
63560
58848
34600
70902
57356
41455
74013
5834
33551
22792
2169
178
80828
62842
7641
33542
20500
33005
15749
3050
91172
5193
32451
96363
39593
82058
16571
13229
12416
77795
84524
44001
60007
71704
75589
2826
63023
71449
35641
7290
6668
37293
34497
51468
48086
50765
52813
31375
94440
90780
63751
28108
80132
72178
29022
93570
30800
67797
85756
98033
77473
51049
78632
91352
89988
12805
33664
34966
3512
69374
1846
45399
42409
19048
22963
95949
35757
69364
55220
96508
9269
75430
18782
97699
55670
20811
14693
69600
72101
64057
73039
18343
90381
68099
12832
84336
16161
72149
83878
30728
34331
39217
18910
43763
72724
76842
30016
88289
70153
10876
3584
7160
94328
67381
91471
78200
39308
70196
31523
72961
76854
88722
49107
97394
19196
82719
68652
74224
94034
42896
46613
61866
36702
51494
52402
55821
86001
78591
29697
97154
80129
29488
36597
5473
45639
35646
79091
25898
37682
72549
44881
57930
81823
56733
78925
32974
84575
90407
26073
87435
98698
34692
17525
421
13086
57435
34507
50983
57814
47477
19673
39668
14397
82381
1332
62535
47743
89118
15686
71323
4171
45105
39513
51020
80560
39585
53691
79861
89961
27242
87561
67835
91389
12563
45377
23520
3641
15373
8457
21225
30550
61445
32993
39156
2052
31004
70570
80679
35091
41120
59161
71598
490
80520
27696
18676
24965
10059
40665
67515
63870
44757
36460
84054
5687
84051
78162
35013
83942
73438
86912
5064
13026
28969
17724
25295
96759
32382
84241
26157
59443
78961
13477
32112
73865
61442
53048
13547
8461
16906
90212
6879
46239
50667
62950
6029
97969
85511
39247
66506
37963
23771
56617
92434
6912
17019
55779
59899
66774
66569
35556
91542
45741
54576
35609
87931
22584
3837
92786
54820
15112
41282
51248
49613
56870
5029
71571
91107
50130
38950
1321
69912
418
72890
32216
34232
74858
87517
97871
45776
2919
83914
53564
29204
62153
49788
22458
31425
20334
71151
42252
28804
41183
85913
30365
89921
63246
51309
15154
86394
71060
25780
77039
4493
28758
95142
1711
20359
71899
7712
55382
18216
17257
15049
57572
61082
35455
44469
57473
47246
44781
6398
66319
33771
14353
95435
27909
27499
53397
24678
64695
45963
16954
56360
70251
96209
42554
88794
25783
28320
58763
2802
30710
2033
26152
48792
47537
38593
61698
43103
93814
97279
20698
69174
76563
70861
54234
47083
96746
82606
7518
54931
48918
32912
90255
58671
45945
59038
22043
43434
49376
82792
46407
98812
78732
89275
25507
86170
87454
86083
4540
2097
25104
47446
37694
20187
29612
88165
28268
19957
19866
37819
45226
70263
21148
84397
90876
24741
27784
3839
40551
25376
37146
89900
59956
82910
3965
74532
70039
74759
64892
43567
35399
33869
93513
27189
69531
22315
13713
95272
34788
29549
23653
47608
84956
73295
98017
44694
8414
53809
9882
92993
9504
56137
38516
94131
77185
1350
80430
85931
24283
67950
9240
66136
40478
37628
63539
55576
88871
29220
45162
67768
35233
87609
15559
66810
90597
74329
36376
14864
52829
52371
107
4562
2929
16223
25694
20836
65788
38455
96476
86593
98009
5977
24683
81104
47344
46703
5165
60503
14482
16066
39874
55680
77460
90607
75053
72501
52724
3240
51572
9468
30450
73515
8695
67348
2948
16754
79213
68976
47013
35988
84215
14049
49244
31517
83509
85384
88071
35351
79994
75964
60623
45294
96620
94035
22914
4158
17818
4768
82130
77291
24407
31523
27995
28397
28377
6900
52545
38449
61778
33807
24435
83455
64722
41988
17206
51717
12415
349
16772
64509
8485
40661
12173
82297
34970
1961
19840
44364
3078
10513
64895
66640
2992
91999
92577
20790
18007
66722
54201
64357
71291
65384
32276
6827
52123
96700
35615
77268
48257
67508
90946
51861
61711
73611
64021
32055
65245
95772
34065
81450
28086
21095
87198
37684
86609
46985
42605
44915
92855
15145
88413
42317
63130
61117
79648
69187
40206
58532
26955
62546
61855
80002
67592
8115
10372
53149
93194
66129
6701
8737
18429
32217
22734
50634
52224
38173
46525
15416
91711
66669
33072
74378
53926
60419
68851
34803
84618
41378
18485
84175
66752
10477
36126
10131
36339
50058
50312
75
50884
15976
32540
26148
42123
61022
57032
20365
53825
83916
88272
41552
75544
19385
66260
11732
18300
69868
3086
28983
27427
90384
34262
60266
71326
97033
34630
36654
3195
47262
43274
89694
13200
70653
47265
67738
7404
69605
78415
66797
96391
55314
91188
61089
40245
33811
70733
31616
66164
22005
39789
22202
97434
27766
42378
36101
79709
5889
60631
40515
85337
87499
50035
53801
64935
78304
96304
48712
96152
74957
69389
2836
83331
88002
38423
17858
76965
31546
18916
41793
9841
65273
23607
97173
59109
22578
15517
42014
54884
81586
72114
42916
36320
67183
3332
33031
52994
25932
49495
48979
55338
6044
80526
84470
21701
94647
7881
80605
85331
14199
76879
44031
73243
55230
95638
7100
38018
80907
20934
34631
22041
56479
1850
1074
27906
98488
11780
39735
49897
2803
54600
61687
86037
25160
92684
52684
83690
9004
44929
25167
53260
79631
93191
68806
89162
16698
78727
4008
10091
38090
35076
19237
79081
70168
54735
11838
49321
98481
84421
22889
656
46837
5849
51530
67887
63643
93710
78308
30413
77385
94261
71774
30434
702
84705
91891
68267
21587
62334
50101
4692
94502
78215
79645
94823
50940
81731
1601
23916
76668
77369
50003
57996
23890
90954
94758
33023
58517
52549
55424
74445
55951
59305
63305
6105
43761
50055
57579
72244
82380
8061
55161
92146
58367
8951
40366
19412
40628
44943
57980
40213
10121
93117
72341
42217
88392
90921
59075
29490
81473
53881
41875
45544
25038
76633
73873
33186
72638
2362
477
66456
6713
9152
63164
58442
22007
45872
91155
31095
23310
85509
58451
96889
33046
4105
30678
9125
83965
28379
69766
56882
90589
73937
6265
7068
54970
29613
55038
4111
27786
62948
47061
12899
56680
18783
7880
29559
83232
45456
87621
11759
30525
60770
64481
89179
6928
31916
3479
42316
61878
80084
33463
54993
4603
29957
67646
75398
19142
87607
31037
41446
40073
37913
48727
30361
48635
70356
97674
96390
65986
85207
31041
18873
30549
79223
24092
50096
50367
58913
85466
80465
59021
44540
12602
57317
11523
10077
75747
88775
89983
74788
27251
65350
11453
83389
32503
57596
11099
55257
26780
47307
33443
42416
6344
97768
40356
95096
76836
7032
85975
46937
88412
81890
83519
66662
54313
82157
30961
67743
9649
72910
79464
16948
86721
95963
73476
8691
37897
74780
20026
76637
24295
26949
76313
64852
98546
60948
37887
79423
64562
20321
56962
21548
28910
78886
69358
29482
67133
42991
194
57277
37142
48098
5183
21239
62741
9438
41171
26823
66949
19256
98734
5171
21578
35838
29177
21540
3515
58367
42742
66612
17234
59788
47603
80517
52251
3406
25117
67142
76369
44337
85008
27924
16203
69418
18178
87216
9275
3319
14781
25409
30384
90030
17306
15914
20168
15519
57663
20897
35014
90941
50709
50083
38638
61961
86029
887
97034
14093
49472
96980
58486
8940
82982
91371
21066
31712
29899
20538
42681
65288
78438
42834
78847
82845
54167
54057
93391
34892
39789
53941
69570
68935
1584
48896
19318
48403
19933
14147
75593
76194
15229
80841
66663
94690
6416
38826
23681
49951
21162
85775
30455
82978
47566
29119
87627
69135
58976
93782
87250
51073
618
39912
2429
66735
67173
66721
57889
95629
74552
68730
52439
59536
70658
61307
55555
38735
4613
37869
92011
14041
19514
97666
6785
75180
39126
96772
62490
74628
67716
93187
30884
38107
86006
26273
60141
45431
4304
46354
64758
73959
74721
12079
88578
16785
94011
25116
21920
90035
41540
3994
34614
76709
13460
83211
18034
83527
66331
7489
81937
89727
77942
2853
57497
61467
65032
69701
65376
94606
92928
67457
84456
49463
14860
666
11703
94831
11455
179
80086
2558
36867
97074
17639
72422
17842
19318
10550
34546
88246
93403
5283
51284
78573
87385
41726
40962
992
91577
71424
72899
44436
24838
61089
88992
93389
69601
44347
90857
63572
69298
75970
12573
92657
86480
68440
69372
50474
98749
25116
29698
73465
39526
926
27721
84188
56984
26092
84478
57167
80607
73221
56166
80506
75392
83984
44750
38598
44262
2049
87111
14979
72830
58222
98607
5921
53562
18119
15014
16249
14391
32389
35542
11288
39041
68772
49887
77566
69322
14847
53907
38880
49912
72978
91038
9609
68172
88110
51113
62341
20750
63942
90583
54982
28056
76681
32128
8739
62627
89644
26117
97783
52823
9656
46936
70406
66113
24912
72473
40092
76705
19892
64970
51658
22369
44700
77678
57539
48211
90365
21946
32720
39179
72865
88294
95302
935
84252
72906
31127
18025
92214
52763
12543
30672
80939
30362
18619
3487
22158
50700
63556
82480
12019
12508
91118
9259
10662
91496
79095
46496
72080
75704
72194
56593
69776
59266
50307
32668
61428
68627
28476
72239
35950
64057
32611
25867
65996
8174
45274
19766
54157
80817
9016
46429
87435
73450
12940
41892
81935
50628
17150
13063
53068
92129
67787
76041
68607
16877
19458
46033
97520
14803
40978
45854
46568
51142
60303
85493
75872
42788
39324
18187
10906
55649
33842
95833
46653
5820
39353
2823
33028
55189
49516
18877
59991
5809
43815
57079
14851
98103
35103
15925
21918
62678
52706
24697
74810
17296
64868
58938
14503
90631
44063
3616
10206
58004
19732
41014
92540
74542
26960
85285
39116
77519
18792
64813
11812
98839
55622
15508
36203
25320
55763
93375
84897
30955
95503
59444
51323
3573
85055
71361
19574
66686
5384
85561
56717
56598
16866
26026
44586
74235
2027
4666
37137
39228
71143
98211
12880
26755
68782
36574
61936
61839
43407
64456
69001
96822
69295
13971
1832
72374
19972
73513
22787
29337
24888
78565
75016
8693
45942
49816
43414
57780
74246
80210
8282
52972
42178
49073
32672
3866
2720
70153
65669
26253
244
87705
21275
51986
69439
49152
15968
22492
93358
49848
81482
92072
26295
47272
31063
63465
76953
20123
89195
30930
3419
38797
62796
41982
14379
25975
84609
2387
63965
35632
67959
19871
4447
87150
89070
73624
64389
41513
19753
23847
21951
79644
36962
70510
74144
23127
22656
77053
7508
60027
86622
70771
91783
48459
95261
25886
63796
18029
79962
67872
94163
26073
28658
45099
92262
43405
3678
53394
30456
56644
87003
22741
38230
11625
49303
81366
82154
3812
91150
61806
96550
28132
22082
33924
18980
10730
40134
3723
31404
55173
26505
74403
78158
74614
85202
78004
75663
13388
47298
89187
62173
43344
19580
35057
82475
68315
94306
61520
95535
96901
66151
19926
47154
57853
68314
17601
632
15199
89296
49315
69778
63611
38550
70339
37005
28109
23442
72233
27123
58592
83414
33009
44210
91844
19312
23517
64504
78522
37203
44113
15927
80205
8492
32687
51453
90186
96733
44716
14757
16487
5234
20961
29324
44504
94457
50270
49493
11455
20163
51283
22559
9272
62655
4026
83891
38059
56070
9460
87679
17423
87762
36464
14464
11252
79781
69587
16196
35974
18071
29110
86791
87026
96399
15815
60811
48624
23437
25630
397
14951
29074
27396
98247
70878
62473
25660
6254
28981
52909
68710
61085
88844
84208
67498
75625
47181
23835
77075
87954
64916
12648
60720
88174
42947
56247
37431
17828
54586
13972
89127
95207
9713
18798
7907
90038
42476
14403
59543
63819
76098
62976
22441
34934
73060
9098
10244
18870
25098
4652
74324
10066
21354
75405
3188
96572
24457
72203
39412
86958
72099
22867
31391
52316
1412
59562
91291
94176
81835
28759
96998
27064
24000
18394
68925
67306
74954
86654
33842
1256
26949
80091
88626
95388
77869
27548
82514
11036
52308
76127
2068
78974
49360
31390
57965
68604
62350
66292
84683
40408
93848
37564
11633
98107
73819
68379
96049
28482
84555
80365
24480
40405
61375
66797
58655
11204
27198
85763
54953
76600
70005
15953
49680
91873
97673
89195
74011
87023
1077
52844
79805
23519
77332
77793
6821
60400
36523
62573
83830
26596
16724
61397
40456
65348
38712
26876
94363
88762
46579
88455
2782
73755
82506
27341
980
86155
41631
53258
90803
26081
53829
52662
97153
13959
55252
60959
70058
96778
8228
72185
52483
34967
65331
93467
24515
39038
28802
61292
17028
61175
25446
91044
76296
88186
61043
22940
74359
12981
21009
16604
77119
76880
87142
9896
88649
8195
47068
33984
13222
40919
27996
58182
14115
25074
65402
41260
86778
67154
70977
51712
81911
84
20736
86607
33198
14314
68136
83136
15937
76278
36552
97781
98492
23078
81106
16993
93926
35457
74072
15800
48237
96332
93368
64496
69320
13531
18485
5173
27016
62779
84187
2932
77520
95359
68312
24084
39567
67312
98775
85451
14141
47906
47776
89546
44018
67769
23448
10062
36034
3846
5886
75320
98905
90776
50522
70579
13490
51947
98622
61384
53316
30134
11132
64195
1016
77723
94346
63433
75603
55379
34063
28281
83929
45452
33011
66374
16141
8751
64257
6116
9443
12193
57405
11107
84216
98766
8834
44999
32424
78332
39861
28397
56583
5704
8844
21105
95215
75328
57161
44214
38963
65777
71445
48866
42273
3115
79
11365
49406
96883
58138
21176
85777
50734
15514
53013
42969
22619
72546
65649
50036
41585
32023
54500
88629
61550
12175
60307
91885
80870
53569
63181
634
55119
42935
44452
49959
27904
77126
71324
92104
66517
39964
31012
66878
18222
83592
84868
16018
47140
65030
83769
39053
21731
13503
84670
39124
55474
64521
45230
67367
5627
13279
29345
12931
97663
5385
78646
48273
34130
89308
56210
70466
37133
10165
17444
92820
59530
50165
22119
90187
95287
31368
71356
35153
26592
84476
66805
780
1320
1607
9760
53070
34571
47967
54564
47957
68297
70241
64440
49157
60938
88708
15978
78065
74247
48486
71086
81440
11889
53275
64984
75250
79753
87585
77115
73130
78596
38427
43217
89633
40740
54670
11993
24948
71968
51391
69736
61888
24450
34238
57851
88752
4875
89009
29414
46415
10410
26005
44021
33551
85800
33086
37597
55377
54620
11093
57530
97507
9108
89948
79215
44293
10523
45903
42408
68703
31901
29260
73470
40100
70113
75116
35823
590
92362
72750
27095
81310
77429
22294
10457
70566
50281
66032
64123
37327
35764
55602
90509
24400
40022
43096
74734
9936
38789
16740
2338
96957
78771
63419
69063
62235
74648
3042
11265
39202
9747
41754
97493
84709
13825
81493
34652
40316
68059
26220
16071
36608
15628
98764
17923
89277
74264
48381
18949
34873
84745
42346
71158
67496
20364
228
98180
83333
21373
32627
89422
71282
21571
78871
40521
17633
33212
97074
85992
8405
66625
60313
56924
98743
6654
39712
60560
89449
24481
42690
36256
98108
40439
50528
80714
82983
44296
63403
60254
64118
34209
14238
42348
1365
37681
22242
53319
41019
17392
49385
20920
31536
72731
69348
54306
13747
89517
23770
18274
79200
4074
35805
71131
13721
15455
53775
60693
24192
68801
5553
36453
32672
20489
24126
12660
5350
5825
23436
54115
54173
11099
86101
36688
76555
90585
4231
83478
24989
6104
44595
63306
40211
98226
39725
9584
21018
58387
98734
30657
53415
88467
73741
61957
31931
32400
63165
71301
30027
19690
95888
82909
35495
70351
15334
61741
26502
24015
16043
10263
41834
62354
36647
30131
87994
14809
35887
97129
91860
24141
78870
82330
35942
59997
72729
62948
31676
67121
27252
61078
2444
60981
92960
9285
21758
3636
45381
67751
15285
17034
4825
14520
22449
40921
88474
66888
65190
93892
97013
49838
7846
71894
44740
20286
75301
67991
91211
16993
95677
85798
29409
74183
53792
23988
74454
2769
53363
35014
32143
55056
71406
90453
10755
6135
16523
96839
32758
44701
75249
67072
90420
8140
83253
19270
37992
84454
26853
26925
2080
25173
36574
17525
72059
70539
71709
50888
76575
82333
34914
60733
5018
19762
2457
19025
66491
32524
18849
68108
87282
98894
19129
81618
31454
889
2081
91759
33567
55404
64547
24534
88485
35823
10849
95609
89307
26365
12868
83503
74589
65676
56252
67925
62985
72422
5686
58297
77536
24634
44288
23693
18016
32532
44513
27887
94117
48356
48790
90625
73749
27928
35429
9415
92249
72224
5607
64312
50168
73021
15422
42226
22095
21512
51249
79003
65754
18852
80538
74827
72018
77729
51281
20499
5445
54238
21026
8923
33913
50833
67369
45898
64569
6534
85311
40358
66645
62625
82160
44878
61406
90742
17564
14494
47505
59248
80927
64762
88673
12645
93084
60506
75860
36289
46806
88661
33737
60009
2436
59686
49306
53375
64835
13656
95992
60181
48113
88587
87124
24603
29446
95073
64675
23426
7669
16445
36118
40986
55529
88772
90881
98547
4861
57969
39032
11457
6768
79431
34082
37218
79301
90141
2552
10314
2835
38280
81999
22
69216
91941
83324
97600
42113
31581
69452
18933
67591
17396
50321
33270
52640
79426
39227
67862
72617
38620
274
57461
64755
16172
18146
19760
43565
81025
41907
40182
64482
30304
38827
42785
70666
71167
60742
96185
55481
18651
75316
27547
94811
74356
75346
63393
91766
45626
70593
43227
88166
84532
45615
44230
52803
32403
8270
29183
51987
22016
93305
93726
9384
38560
88201
47527
14260
60256
59573
80894
17587
43285
88758
12205
46456
1355
9989
365
64598
42832
87953
81101
14688
25118
86835
66642
71470
14684
77807
73996
77800
76710
95029
57787
66347
21929
13017
30240
7346
94296
12468
20608
64496
72049
81632
25657
24873
45770
92985
97848
48437
88340
58288
23085
50762
39357
11944
5381
98167
50055
61308
22161
92628
37933
74287
2749
19826
83532
14825
75108
93429
90616
48185
80943
59688
72495
27506
68083
48406
97429
49213
15634
45390
30497
93318
32171
15379
59837
15901
67540
4276
98109
19681
92445
13865
29653
81493
64755
1702
62299
20323
43401
9724
43194
2635
94551
97498
82073
10236
28798
25717
3479
90347
21377
26779
20110
62936
39689
42821
59500
21719
80041
9235
7773
98699
5626
48683
24494
88686
70306
53295
59767
67154
49162
49839
14754
43107
11491
17065
53166
76957
4373
85888
82488
59738
53489
58432
72649
84702
67432
22598
74875
13749
77175
85091
28066
32859
8333
95870
24195
51936
35999
84120
2792
20538
4624
91230
14119
70627
51535
94237
93893
38486
91690
34
61387
2845
11754
19813
49267
45475
50085
8590
97389
93894
31331
71582
66530
46655
36159
68588
31804
73492
13557
34395
12186
61392
91437
47828
15162
84240
68705
58940
9029
98943
83590
97903
35249
90905
95304
42574
75238
45630
15401
71567
71540
24246
67508
20066
66894
32628
62986
75807
82069
29623
21040
95534
83352
55782
84783
90583
26620
69204
73050
54079
18610
80752
34216
86597
72375
83171
50500
69747
62829
50211
3952
74772
89574
91673
98147
63557
61537
47376
90652
91407
9354
22485
43636
57469
76251
88541
33414
3679
88378
2170
53014
42440
34589
4532
98265
41618
25552
33855
76927
67004
30813
54496
77960
37790
13257
32188
96914
66626
88413
67479
81755
58434
48335
58844
12237
31665
29435
74528
98617
6302
63689
82595
42936
38423
42849
67410
66655
15922
40887
7608
73754
4268
90650
11229
64977
41084
81182
83318
12604
8069
32528
91433
980
30169
17023
64066
83306
22813
94322
23808
79827
27390
78495
19585
82212
66411
3886
11266
84256
87199
69196
96948
80774
79856
90968
63524
49763
10978
89452
71102
13042
34391
43526
16813
15734
39160
50219
16048
58622
5959
3633
55125
81515
20606
67282
74302
62813
45333
50076
15910
82064
33509
85760
76457
88643
57284
29626
88871
67006
2253
19348
45943
29520
22759
66782
55862
85620
23576
89157
1463
61139
82509
48798
660
67609
4419
26296
98394
81637
629
73736
67571
446
35453
61997
75975
46551
39228
91711
40924
46096
85976
25498
98102
77692
20018
61638
42004
86003
15290
2597
47033
44645
14815
86443
9023
67233
79857
31954
79841
32832
76609
12670
98507
38864
8122
16695
4550
58871
48818
46394
51903
40601
38796
43780
2924
45489
79575
80998
86859
79903
44482
79152
18925
90977
45447
24442
36768
34933
29017
5991
43201
12882
47926
42286
24618
88623
78347
70354
79953
58898
72248
28834
73114
63985
86764
44736
19332
72312
22277
8454
64991
30976
84354
70261
69824
66673
34318
51679
64529
87814
30498
8359
76493
15829
27403
51232
23390
20591
1405
95559
84644
92001
51374
17702
92525
32580
91350
29010
10450
71839
67440
65416
23805
9911
82567
38382
28156
54155
59881
2412
76198
19863
25838
2123
35571
80538
55505
73043
48565
13657
19515
52130
20766
21767
49779
51381
41603
20952
82844
27894
70602
71775
31217
22886
81531
58738
15279
23386
82207
78820
20491
27738
69760
28975
9133
11925
86699
48970
48568
18183
45386
33995
23921
66642
14399
73628
18526
74570
54591
91949
88406
3458
30701
37240
13057
46938
18031
46159
38224
355
44997
54631
71923
35759
13507
82361
79727
17682
78265
89169
56366
16555
58393
76822
63380
1425
25405
71514
86503
71060
30896
42072
66638
69402
34251
58587
38423
68864
51994
550
51561
12596
21605
21517
51971
68782
11874
38977
4322
94269
2229
46926
46630
46336
67682
21938
38554
5697
56550
63448
29113
71991
62182
44937
95877
27373
98551
33439
90086
92684
86542
20475
14131
98422
74150
77223
5690
14311
22520
92488
79793
45173
36170
60157
26437
60885
45589
20243
49402
96001
40154
37913
5917
75382
36855
5577
70080
77490
76716
53866
88476
14051
12860
98823
3919
51466
15349
8792
86651
87632
53073
89177
59113
80472
98907
39750
32863
6389
63133
3595
30172
46367
41419
84274
58517
29418
3108
25307
32869
29723
46011
36377
82040
11525
87986
59755
75617
58540
68791
88669
10462
1570
50872
65312
32434
2859
46569
85681
3146
64491
40442
34991
37592
30252
92945
89933
2079
20101
62014
60583
2441
63168
33735
7515
43855
87834
77447
59130
22982
83790
66396
4478
26331
29824
53577
53111
25314
10853
41061
81430
58141
7511
85197
86917
30786
49883
2705
25200
25493
89813
28987
55384
61694
97760
76033
30292
45621
50455
56294
46081
81682
21355
14511
81882
46898
27996
81901
81481
55238
49639
21179
69301
59361
98345
80756
72020
66105
66085
71197
71229
32927
87622
55834
35795
91497
38125
11710
81863
34047
57049
21934
87578
73310
48992
50705
98430
80600
90894
21248
74955
40157
63209
98168
10720
21609
35819
12756
80059
82170
2183
54281
25870
24263
26607
19173
79645
1749
29585
82948
73981
94741
20307
69514
11662
41374
66611
24456
62805
45582
34553
22243
55790
27398
19827
51750
69041
1993
95909
8554
94001
53445
15135
18979
18734
12900
56329
70624
64278
70994
75604
40808
73761
45872
38577
28852
1952
70481
28718
3903
52403
50100
51098
45632
2689
59896
85095
96898
63667
90498
65349
15309
35031
92507
15457
969
71089
33663
61793
31469
43318
32022
29994
94034
17498
28441
38356
8324
7278
56165
39882
41936
32917
63890
57516
65938
79523
38303
9756
52912
42392
75704
28198
87644
6685
53915
28749
84206
32209
67593
81697
75828
14997
29266
45075
31331
69918
98450
40899
1465
76848
76152
34850
42668
34413
64358
51095
83806
78999
43915
68115
42830
60545
75845
20529
82465
56313
41413
5727
50329
81166
79653
5733
75915
21190
58960
6862
76474
41326
84893
89303
77984
32840
37929
23899
47661
26283
27112
30425
30411
84113
16145
82826
98980
68596
68036
43764
35701
52829
42173
36226
20289
65149
43033
2650
62081
35815
36710
68044
58702
86994
54577
44786
64553
52020
46026
98245
51294
11275
35153
92258
65253
96621
44396
8945
7476
16070
35459
63811
93181
13732
36622
91794
40815
56092
1720
5724
59639
93547
78458
94613
49736
64901
75243
73083
49070
5995
67527
21343
18904
90740
64463
33347
91440
30025
84211
88988
57844
13155
29946
31745
8517
5239
84818
62223
22407
79400
88706
25750
36531
93524
89362
69032
77187
98246
51384
69109
53126
79525
16060
76611
25363
24044
77577
6267
55140
29861
64594
15680
34225
31138
68315
94802
90631
88356
22180
33007
79916
26243
60588
66238
50005
76893
11259
98597
35726
39255
54461
67835
13653
55404
41689
25221
9751
51063
14381
41896
83112
12907
94993
45465
67002
34744
65257
39289
94237
4412
18416
86987
10418
42122
14611
97493
70576
86237
96928
10773
4384
48911
55841
30213
13479
39779
70705
39724
18656
88489
49757
39340
70047
54590
34910
83448
18241
35191
82902
1131
56705
97792
6829
66395
33735
90886
52698
71041
60334
82118
77666
40250
60454
17703
12814
35331
87084
92812
75563
67997
49551
71551
20682
75780
81224
67398
88740
8486
75921
84191
44487
96965
44199
85042
39077
60525
32320
43633
41144
38716
895
86368
24429
1282
64633
95543
52281
19339
94976
32274
3695
65675
95756
64332
79894
3803
95049
93474
62257
97044
64759
26155
83743
96676
41903
3109
63486
15809
78819
76097
10791
26634
64265
91201
20162
98739
69362
15875
92882
18042
2570
54147
49186
4115
71410
47435
25059
8243
85958
57243
41448
76667
66531
67798
48044
80844
25542
68170
13945
23838
80676
47352
91898
68867
35290
68680
33628
93401
98965
77202
41368
60812
98178
25549
58743
78825
53794
19416
83488
17495
54238
61134
9865
11128
40532
71434
7067
51472
88432
7630
57358
8656
74005
43487
34160
52482
890
79301
96090
43857
26747
70496
25221
93713
5686
15673
85382
29975
61815
5515
5650
32783
61622
39446
22854
82368
53869
78038
45021
47283
9730
57134
58281
84511
35055
82167
43009
8752
60595
69776
25479
10666
86559
89782
17961
32459
15750
17715
30699
10286
21276
33335
69010
47881
86329
32764
77644
60186
54636
79601
45447
59632
44216
73264
40605
51827
82962
21164
83515
63841
3381
60387
37151
57765
68785
65300
94271
3583
69581
14958
84163
66990
51519
84504
71159
88186
86015
76681
24671
71221
8054
57653
16907
82352
23214
87741
91723
35577
96661
9968
61357
18322
25246
82535
53187
70267
94939
71186
30390
36740
62593
87881
2431
26919
25531
45696
91945
83867
31305
42503
88750
82602
55800
85758
42637
64799
37814
67568
85236
68174
22133
71508
84997
96397
29972
87717
23096
54933
90892
26517
32980
97852
33667
26841
78802
25786
15656
53956
69487
41079
74532
31642
27764
76577
76402
18117
31762
44501
91474
49245
9761
9057
73386
71426
56263
44623
76995
24599
32885
26572
83804
52856
77132
20221
81223
44162
81252
95813
84618
98425
82081
60947
45326
1533
31043
94139
3453
46964
95124
51832
94380
93618
60925
60493
72067
29230
38257
6981
18072
28626
3956
30705
35129
30927
96226
48824
86598
86315
76485
72937
15919
19339
5366
98672
20299
55743
58768
29388
91165
5772
52794
15902
40840
53580
22951
4655
17490
88431
74335
62939
70580
20593
49320
17396
42883
88864
15804
32378
35910
47486
80164
25839
49682
25705
79900
17261
98806
90466
73639
93843
4025
26285
2265
2949
10447
27136
79013
98022
79016
24366
31895
64959
53944
10988
53995
75791
55865
43198
77101
29106
82363
45479
95242
97619
93371
48176
13792
66385
7095
98851
36220
41291
42712
7470
51118
72894
37996
29675
3752
25089
66394
78868
34661
78116
37793
2512
21458
29777
71264
83804
75806
18509
17312
26997
9816
94247
23998
89941
87014
74232
33092
73730
57888
73730
17971
1363
33564
78395
97311
71601
46468
29356
77199
39768
2894
54443
4426
66751
57031
97710
91553
21475
88126
18882
42408
22594
13844
93077
51018
38067
48662
21070
20611
37439
35524
39344
33101
73022
24978
61550
88576
57835
85182
49424
20352
7171
53592
14210
58611
30948
20068
97986
17376
30865
62912
4482
13437
47983
28494
10286
59675
29190
56726
73236
21726
40281
1747
98864
17302
34172
31977
28866
89628
2991
66144
55564
12152
6964
89420
38397
44898
80698
45244
97474
28105
80715
72307
56940
87787
12193
10389
20804
96331
70001
15943
29316
38090
86476
69035
19269
46370
42736
27489
39369
58505
43696
23647
75930
29997
35393
14517
96119
75898
27528
30007
59849
95201
11137
47909
64713
25068
19479
49375
49206
31890
1137
39899
97860
41989
70280
1774
45503
21531
72568
35103
50256
24347
11705
78659
79997
18741
56245
23837
91437
2717
75861
10827
92712
21232
57834
17404
30314
70556
71867
3863
81803
37947
33092
90043
87082
70012
73330
71425
34573
95600
97926
31604
30512
36113
60356
50568
3291
47048
95219
21309
75979
63434
31830
71129
68722
80705
75584
72882
16483
42548
83456
78879
18655
63777
15371
46875
72555
67737
89027
71502
89759
59361
28296
57819
79953
84384
34999
35814
79429
92773
28486
65442
23430
73014
8568
21095
58548
76928
24658
65956
73427
41314
24769
6066
66418
76602
19217
35873
21679
95187
50718
70815
23303
5533
84591
81616
93698
94069
80736
29954
43924
78104
4727
64045
1756
95534
77598
64430
93449
2980
505
94451
25255
54021
47202
66020
75422
72304
33218
92611
36129
97302
68538
78354
71977
13709
24732
20373
10054
36084
46665
97030
41903
11265
43188
96609
27497
19660
68618
57316
34819
15564
23902
525
60105
46125
8497
60572
17333
9985
89492
19051
55500
75519
93004
79636
31345
50590
51538
47660
95094
80328
49041
42678
7112
34554
15414
50108
31116
44346
37118
95170
64447
57158
81246
54563
27270
54289
63584
19169
83224
31442
51201
92566
20561
89377
8052
94814
50255
33444
48684
30180
23621
58716
62216
38700
68769
19120
44345
58639
8729
50635
49888
84535
45880
72381
48138
92873
24165
75395
66311
23252
55748
18390
63212
87568
69855
56765
91849
14128
71434
9325
94721
96996
50714
95232
72952
89608
27356
91667
83592
21176
3806
2947
62300
37660
91433
92672
14922
75261
64145
705
33732
79197
78174
35330
69177
12022
25375
14989
3340
19341
41326
52511
3737
36137
90249
78853
40992
32524
90092
89976
61062
91225
9424
61258
27072
73307
9211
33958
71473
56714
66744
12570
41152
70867
7903
17041
36073
70001
80486
44948
97271
75236
90021
17059
73469
57049
63218
55226
82252
93059
85073
91945
14222
8053
95738
6608
27286
97184
58816
67169
45636
21670
36242
14973
27142
15533
96025
7722
17279
57099
86451
62914
49879
76365
2702
4470
85597
68073
22402
61004
42610
37106
50479
44247
19781
3419
31894
23497
85122
61755
47503
3154
5752
87126
80272
95265
40480
83856
27953
2686
65962
70155
25451
94131
80038
39175
91315
66013
86171
76689
12090
50178
41065
95902
93595
69877
32344
26330
89098
30263
7398
78989
9568
12097
73049
48521
6813
17622
37306
28166
85237
29605
71731
24266
9930
67162
82413
62253
15035
83551
43034
34520
31609
36789
82316
2482
31168
42859
91150
33383
7697
69348
37475
15949
86154
85676
29614
51294
20675
35570
54250
36774
78496
95434
8568
52281
85238
97114
51220
66551
25164
54593
98038
67411
28954
27392
91709
53733
84345
55603
49881
58413
12087
1337
81034
44350
25484
63840
1511
35391
29752
90392
54486
96121
39691
20934
93558
38058
27666
67137
87311
57925
51486
35821
72383
89759
73571
89148
83446
1542
19297
56910
4550
65630
66619
88020
4566
58339
2579
59320
32646
80649
59465
49605
75808
47563
89201
60347
29445
37846
51917
48220
43094
52082
29622
71754
28404
44816
80346
62256
84337
54365
64190
18196
74949
69581
43739
69057
68600
1155
17467
545
11840
96472
64323
26296
27934
70138
13892
6249
58901
95341
91355
35453
29949
67595
68283
95148
7000
33808
93408
35821
50030
79261
34998
75151
14355
69606
83429
64020
46393
42114
32353
32633
67165
96854
89864
49968
25066
45550
6045
34745
60890
66199
16538
92421
45782
31757
83833
12956
33057
19112
91035
68140
37419
57835
25616
30280
70736
88871
90455
95178
19091
59155
5327
71422
24459
4707
64273
72160
51067
40219
544
84236
91006
80553
16508
85981
65118
20012
20222
39931
19104
95662
83291
71886
26231
3047
32563
51029
27094
37779
58294
52714
60568
60971
44184
33490
52663
25929
91761
45171
49926
81999
82826
14781
64859
79166
96708
80598
22337
41736
89722
74220
92780
87146
90843
47643
88099
46510
79218
42526
21645
53545
9746
36913
58940
44726
23197
35214
61523
23229
13901
80421
72881
2509
56606
81145
24264
2683
64388
29893
25831
81691
46009
57728
51948
42035
19792
29082
61726
52397
86530
83638
33199
25487
93106
77367
89948
28378
30069
18590
93211
16354
60939
92575
79759
16577
4163
31455
71615
4784
3021
27642
65378
68636
67894
83468
84196
14769
70564
42891
54645
45940
24863
43357
4983
60176
72754
72291
12978
72439
51470
52509
44892
14253
6981
19684
17076
20854
21749
80972
79539
35995
54600
76847
40474
72248
83155
1137
3366
94997
55970
73627
83093
88616
29321
70757
95518
21650
92862
88562
21607
64101
81930
81548
12205
82330
29395
58631
42592
25267
79880
56686
14513
14642
61603
46258
98447
3689
66303
58554
4020
82962
57454
26972
67846
16594
14193
82131
6944
18650
62586
76475
69298
3268
12141
31833
5428
66221
51054
56841
855
48217
45785
49368
29267
618
91291
10482
87445
10699
76235
84414
56034
95461
66847
5598
35020
4841
82237
46198
55297
44285
70613
74330
7650
71308
85982
70835
83563
59806
71970
15923
62847
70757
67539
7296
83023
58744
39491
30945
33886
42077
86333
53376
87829
75298
94015
29977
10762
23496
59379
36797
62329
59513
96656
75936
87862
92506
98556
47525
70819
57936
97448
55641
21640
28738
57152
45379
24717
98545
16344
17016
3361
44863
9518
36980
5645
37264
57844
33406
92715
88516
95329
17614
8274
49160
37515
78971
59640
41650
95684
90906
47683
19017
20486
56843
67636
4024
35049
97195
81396
49444
31543
86743
91623
27263
55690
77856
87599
25493
67488
64755
44557
76997
60437
91753
6143
57025
26486
95236
19994
17015
53141
9050
84652
28156
53735
5323
64183
48989
80598
91642
25986
72722
55182
81942
60396
34651
11500
82577
68005
70812
62562
77480
27728
8732
91548
3206
51512
60055
24556
51341
88209
68193
1244
39720
4057
5615
79398
32562
14386
84674
50124
734
34818
73938
69987
30472
69056
17662
50406
49266
62378
58850
49141
2796
90144
7376
53638
67185
49520
87179
59984
75200
70286
92964
96372
51156
73519
74045
27774
2507
96755
10069
66824
26624
52706
44284
43309
79065
56422
93086
20837
41646
43137
29961
51286
81156
35609
42752
71372
28513
67378
63068
82935
25705
83153
14085
50526
98017
30784
96
75509
34928
44256
85713
28854
39443
18431
92537
51931
74681
84666
92637
16672
63763
45090
87229
87260
34262
61931
68730
57637
71401
17199
97873
74770
83619
40602
32127
17266
39747
59455
20545
90218
90478
91925
35423
7772
87303
62411
11936
10048
67090
35189
94349
38403
77268
74485
79020
78936
31698
61051
59140
67832
77915
47130
78293
82263
37172
78898
21509
23922
36013
72097
68621
91157
26982
64293
87867
98069
1516
11848
658
81959
55141
44172
98181
91967
79947
98631
29636
3102
88943
71084
29746
3675
70481
87696
38751
87105
49107
33475
32224
78399
9288
63969
31424
92724
30205
27019
22789
10170
87450
38967
64668
24012
33522
92776
69491
45919
84449
62595
90231
22495
81802
49258
6446
2686
88530
48544
12221
91330
64555
10056
40189
93944
85818
29935
74683
62489
72290
11618
97993
86107
258
97640
54457
79330
94626
44311
88706
4858
75809
36575
40371
43848
45516
49540
64906
91334
89290
31285
51490
56182
28748
85801
39941
35040
78232
53586
68854
32076
8090
37856
78381
95362
27540
33246
18237
29790
51188
7541
60345
7027
65101
97683
88516
44445
65357
38967
71708
41146
75548
44206
11505
44570
26766
58998
95309
44271
84604
72026
12572
66067
55617
96178
80816
97754
43312
26005
3572
9461
43961
22862
58763
30706
24435
34465
9372
64616
26761
45385
63318
983
16679
94304
65969
56661
28620
77755
37361
29075
57433
41106
83082
51112
95788
95148
11839
93312
42357
84444
77417
22112
37255
41898
79359
40265
55186
87107
56865
57834
90999
50044
36402
70703
90489
28011
76806
90358
93396
86506
50096
43624
10732
79544
56067
3939
13885
98998
92917
63871
72957
71526
23961
35930
38099
86763
65315
25399
71705
27766
552
60133
14713
9223
49685
30965
87040
51250
30960
7890
45877
10531
91776
38274
73670
75274
18136
59392
35730
43944
71840
1861
21785
42168
68625
7899
71973
91144
64812
94499
18450
18631
75695
32564
51225
98644
49896
11006
95751
1002
22526
77964
41425
87394
11301
84856
41403
40702
58107
36930
52852
27679
52784
61043
49678
51099
94757
20550
66722
41225
36483
11969
68672
13324
9562
73589
92452
81400
25168
45023
54261
68903
74509
72116
95002
41563
66281
26110
74748
46221
24558
34056
82517
86675
54489
51250
69323
76428
86883
83137
40030
78632
88969
15440
10464
43764
12320
34067
94694
55431
57467
45646
23781
84948
55298
39277
21551
46819
87813
4718
39704
88869
6604
49087
98655
27544
81065
10213
60248
58852
3216
58201
92278
36904
20273
56735
1443
35744
24723
54456
71984
95826
26550
92161
92941
85702
59942
10895
87136
27901
84166
54694
47712
84699
55316
81643
22518
34659
23662
9152
49003
86473
42963
41471
24372
46011
31742
47201
21126
5059
76447
30130
84360
84608
76009
65488
90593
25350
63381
28858
36277
66144
52615
65464
8940
72403
39118
26100
71900
7892
28731
26433
72465
14888
2937
38733
15958
71438
64820
35527
54163
50511
62195
85721
68078
8748
668
74768
39470
61149
93282
1362
29373
98397
20359
61507
93715
45500
97598
57175
45121
54628
34347
11941
21735
67801
13236
82645
42387
57152
82101
65427
60266
89285
32012
56322
85180
87393
21113
32922
74006
70479
78220
86196
29774
36893
73570
21798
97980
8277
96972
26857
70645
57196
46108
14025
73334
57385
90821
25556
31714
59031
25655
84078
76280
96368
74212
89859
98801
19167
9562
35275
76898
37833
60473
3824
84684
88476
75516
53379
94520
24250
77453
64792
69921
68779
62873
52414
54926
16184
22573
1221
6164
63132
26983
10613
27191
19747
40565
34613
71871
23166
83339
98239
89014
15849
39625
7280
1634
6862
68007
47734
65291
81635
9514
47622
79664
98302
5004
19437
21462
14025
78986
57332
95995
64251
16901
30741
16838
62176
64458
74039
22181
53557
94538
19442
82193
48565
39058
86881
42233
63434
38546
46131
84408
24289
2293
38555
7436
30839
59058
7383
29343
91580
17933
37548
79652
46443
42255
98570
27376
15184
8000
81510
71198
46319
67074
69364
26297
7569
63251
25125
77955
24957
58983
95540
41734
80703
58638
28786
71101
86073
81028
30906
61739
83131
76104
41459
84082
12835
67862
27723
41535
74649
7845
70294
54897
32079
66971
26959
17072
93018
30801
18205
40017
82136
64191
96772
56878
13162
62456
24554
74866
35003
25575
36351
65229
9984
41168
26953
35047
83167
70719
36356
27850
50379
85015
85966
16888
35746
7249
56485
94846
22945
23332
71713
58035
10734
20419
5688
37638
53651
27323
44420
52001
65364
85553
36086
57921
37676
61010
87710
2710
88737
81333
13091
68862
87158
72443
31985
79230
35382
71126
12770
69014
6392
29881
6979
64720
13208
92481
88541
20425
81303
14212
85260
56392
2095
5586
41979
70798
69627
67653
11540
41125
43207
16497
48914
1335
22851
87645
83457
36973
98759
90536
62251
30806
48027
85293
79664
56441
5016
94085
96196
17014
67982
73003
51560
36259
43637
37906
78821
87592
45208
77072
51477
4853
54166
67557
92401
90328
43817
13610
2940
31050
4074
81606
70960
39922
31788
29767
68936
20351
70245
8434
64890
83595
91820
11078
80756
41822
14544
51453
45100
13877
74025
84427
11430
19820
58687
52475
47467
28027
37993
82469
35073
67025
81208
19830
77013
21026
83197
16626
52269
24983
25311
45639
39384
43989
77354
59649
9879
45032
35898
35539
57835
8705
56300
45128
69853
42304
20807
26969
13662
3793
86338
5651
90529
2961
24333
73201
10690
19656
76579
15404
24162
54076
78620
126
85781
55786
70485
57119
63596
28295
96472
42042
27524
97515
76903
44676
24368
40105
12488
48361
90567
57468
2203
94324
30248
89918
41150
83852
89390
8981
957
97906
56005
12426
21130
88535
30543
32130
12007
78779
1224
68189
70879
1923
8357
72469
29307
32843
51012
42060
69525
85773
83110
70136
17536
24836
44430
51739
68156
50963
85107
37521
2764
75096
95015
17531
69376
94398
94368
73335
19729
41044
146
65660
75927
54144
88876
27670
12173
54452
86570
63766
29392
95635
30506
55385
94479
65357
72002
88835
60829
69667
71816
30092
80467
91992
9390
35490
60682
81368
23649
89021
47013
94691
72147
36663
76901
5859
66343
57384
86562
92477
34900
26732
84153
28748
68143
30878
16622
53834
76507
22644
619
50533
61775
35635
32169
56818
59538
13732
68803
90880
49447
552
32750
92606
59670
73912
35792
35539
76591
6893
71876
23046
84876
77053
94338
87250
77556
53860
79116
79391
15542
98839
38648
97404
40261
66796
11244
77160
65630
76614
79545
69907
12324
54429
71837
4678
62816
47054
73885
5572
17441
22467
47938
13326
3035
82019
89648
34143
50904
55996
93173
61933
31195
87414
37446
26795
60502
21446
43572
5808
34607
40700
26526
24193
10129
94724
18486
25565
58738
91237
10669
5277
49197
27989
90421
20782
83413
57600
64814
20868
87259
69855
15005
56758
29896
64041
69041
42336
18650
90103
1067
71556
54316
70737
16329
23434
90777
32947
55682
40341
6231
45589
39941
34201
93958
82793
35352
54207
87160
137
75458
62558
73837
8809
34699
7104
30991
8812
73455
68575
70190
2629
6765
5467
68109
66776
91441
92636
8706
9062
53593
79844
27502
12716
24571
9671
41031
8
1387
82733
87965
43833
24880
40034
96139
54593
49111
56033
22809
80294
59028
75409
35192
28825
38571
41386
91220
9843
22613
94015
58024
5580
89441
85467
98362
2439
18075
53329
21963
66787
75054
65391
58682
98958
33343
36203
32761
40158
15297
42294
74406
53659
20241
34953
57321
67717
91831
63884
10241
2750
33782
45305
33263
36442
36518
95102
61529
30863
32050
1597
92873
16385
56384
41495
65368
46997
97620
36861
5734
17899
22629
10544
10027
40412
63608
80779
69758
81499
89134
46693
65937
82032
34984
61214
85380
14125
49196
13392
4541
24007
95910
27435
67533
32055
15504
10591
82789
37007
29477
64051
21917
30703
47564
62929
2955
97604
30399
33035
81501
10203
25957
92196
46008
60541
30571
76720
55910
9199
34993
62552
81528
54956
73505
92856
71202
58097
90640
19974
63802
13114
34565
56905
70970
22698
18968
45557
32757
94430
76339
53944
53103
67269
31568
75205
25122
29499
76334
39094
98134
25609
54865
72605
84177
83650
49125
53016
78363
69659
48920
37846
3294
45816
29572
59111
59934
82943
90831
61688
57317
17308
67863
77610
29502
39949
25893
86637
30776
45354
5732
65419
13187
12870
56439
28491
25776
44754
96940
67482
89352
84371
62707
78500
47672
75039
72512
57840
30910
32810
10464
78909
9165
36901
18135
85341
27264
63324
125
78236
8887
94666
37989
54727
97046
47098
40485
94839
56554
84548
53608
34508
12512
89893
70427
47633
55498
82153
29150
78629
5737
41747
88412
34875
45508
49194
7493
46982
32392
55208
13353
93795
87743
73751
16396
11354
76491
94983
82760
10534
21991
42205
70040
27104
36069
58146
35811
76899
96419
31569
23517
19550
90060
88428
20431
28596
24486
9474
81196
93007
50262
61810
30083
86530
72762
39435
1832
37585
74286
41230
36742
40675
43660
53153
37404
18259
83115
11399
7181
41097
57148
65564
20057
35047
11665
72197
69681
80800
69937
3070
87902
5059
11434
51061
55032
68919
18198
36659
12505
16864
60747
16322
59402
32588
24683
52539
46798
3028
75621
34456
71667
20330
70467
8029
37960
71281
60135
60153
71789
68767
78672
95998
89506
4397
33239
77110
39093
10688
66624
3106
97662
49701
97303
17929
44404
11505
96328
4652
58478
28865
47792
6010
23390
25194
20630
84758
85874
74134
92290
1772
10737
78443
23989
2586
87073
29398
1137
81588
94235
59816
28484
15591
69111
85712
48764
20020
58653
29126
70957
22429
19106
23847
82089
16362
56067
38940
31998
80488
3336
92341
69567
6903
57886
94025
59221
82624
43342
87673
46203
28105
28210
84124
32119
84804
74120
63579
34240
34912
84020
31469
80799
45396
87797
80744
85604
55596
45907
71907
13128
98132
55459
86002
90574
33110
78650
18412
12616
35305
50578
85959
72572
8070
57738
74521
27191
10452
93521
39437
44315
20545
62399
34195
86226
963
73437
6409
41110
49879
73075
98035
39026
19134
48668
68684
23347
73199
79039
83428
23953
92528
85569
23072
71848
25086
32121
78448
92956
7635
52105
51318
40558
29489
46794
38829
96269
79065
21192
56887
72331
47841
37235
43936
36362
72398
98845
73377
11327
47415
1560
60541
53568
22175
10826
34219
38533
48787
55019
78886
71491
22475
59490
67370
15744
62165
39549
8685
83511
54372
13751
19616
27905
48626
73818
2588
28144
35010
38030
9228
33087
90822
86540
57867
80558
14228
22311
17875
12279
9389
68292
91338
69219
70504
78696
32966
8053
35892
85782
64559
91265
1503
50454
49123
16538
31290
35106
32097
77110
80836
50900
75528
97962
80059
19302
49683
30430
94127
64668
3242
38154
4790
71127
1558
82819
35681
41751
36201
20224
608
86797
96970
28735
801
56746
3522
60651
92991
14809
3208
12996
46764
2264
28314
57630
86918
85950
32821
53662
23082
39468
54362
41337
96976
18368
13767
88849
23175
70314
6839
46885
47262
54068
41038
92102
41135
76765
21757
64976
16844
90540
52092
1471
71541
7120
21205
59823
14298
23533
23735
22312
46789
7150
74699
5268
14865
92582
80994
21237
68526
71945
72112
3763
11258
22620
53872
62363
9369
25776
21643
10513
95623
31260
15100
14170
80325
16516
26688
24189
31712
41889
81519
54171
33355
17279
120
34782
13520
74536
92862
7338
79659
1367
67483
55331
54586
33437
55695
55506
66030
15186
61576
594
32960
73119
93393
55022
24470
322
74108
30777
24512
3480
94049
34905
75437
9305
69377
8732
39451
34534
9275
85847
21073
61660
78847
24457
60385
3308
65769
64480
6898
36274
58973
52593
25840
96175
371
38715
28300
60294
60115
76499
53752
23927
29242
10800
50923
5726
11452
76201
76195
90777
29583
70644
11953
57172
93986
20959
79042
98822
12663
6017
23113
12433
78765
89676
89261
32610
74755
94640
15833
65440
4613
65845
21617
16988
92333
20515
57325
72045
18677
94798
10641
48755
1138
62853
10249
11270
58880
55387
95114
58054
81381
20200
16431
7403
80249
68004
6004
68465
4379
14829
58147
7627
85074
3491
62700
13967
44535
44670
51429
5706
8228
32580
57970
30415
71875
73101
70058
42894
86590
76151
64816
15017
81723
21635
45749
4870
10776
89504
76982
76235
37647
32584
8709
28408
35085
10631
25406
87989
58180
57005
77099
6598
52495
40987
32236
49881
52300
22623
89792
73888
42846
72558
11193
49352
8912
90902
73110
94738
51222
66485
90818
21970
72891
94722
81895
77128
13513
37930
41292
5815
2160
95862
96443
97278
44133
1083
39852
68126
34018
25587
33957
89843
66930
97719
11244
66423
76962
95091
12108
34779
75679
29069
34662
83235
75571
824
18293
49676
57199
12754
87977
63760
37561
59608
32074
37259
54852
38207
13526
9171
46807
21491
46194
19510
45467
15515
11905
32729
46667
74168
38359
67263
49645
64314
56567
76898
44487
9814
52436
90340
32947
93386
57776
12768
28705
90216
37675
22864
67189
3215
36376
98957
42227
80958
187
3862
73265
54799
8318
15733
57711
28031
49815
9827
80982
86945
12548
82653
97315
6929
84176
21646
906
12703
70007
64731
74089
10396
3404
38681
79373
442
70958
25547
14197
84944
48979
38575
24841
49603
10062
45197
35599
27420
1482
98996
17637
58819
47452
65077
90394
11023
1579
45176
81626
58395
94035
43000
79471
95935
9366
60405
75531
43063
68905
44624
14734
26866
5646
88766
91868
49830
60230
15719
38550
65250
14489
53097
96320
50327
15359
73340
60743
