230 22 462
135 15 201
281 93 362
238 202 140
19 172 224
49 162 270
42 281 324
178 145 94
262 237 314
127 267 317
193 242 318
17 83 21
135 33 34
86 39 272
183 37 339
14 114 492
204 283 191
289 260 162
209 144 214
13 48 159
172 219 488
184 283 392
175 212 162
292 39 71
186 176 315
21 33 435
78 163 316
242 57 340
130 39 386
239 54 260
5 177 37
88 264 484
49 46 409
230 195 164
259 150 465
279 268 29
53 150 222
116 47 210
284 79 176
34 253 22
205 16 413
47 230 26
85 34 130
26 245 431
76 104 420
153 267 217
106 250 161
114 111 139
18 139 215
174 225 219
183 79 49
220 23 489
63 177 48
210 2 167
230 243 211
132 78 196
148 259 258
81 177 161
97 176 316
231 108 378
36 205 384
291 55 279
235 94 479
100 92 261
129 230 260
191 127 320
77 114 402
186 135 134
256 21 8
208 291 477
117 188 2
32 95 67
265 225 19
254 51 294
51 126 288
285 73 497
282 190 87
53 208 187
288 184 359
249 217 259
235 82 202
202 171 408
192 88 336
48 151 80
221 106 217
142 243 459
68 70 47
66 259 135
31 132 171
246 249 308
122 35 49
270 263 134
290 210 319
232 70 364
91 28 279
159 47 362
32 124 487
101 110 426
110 21 113
291 150 457
5 175 474
165 175 168
264 71 392
194 168 348
190 244 458
169 75 94
211 225 220
226 222 98
272 247 476
89 127 312
90 172 316
214 192 339
141 187 489
126 16 452
258 20 465
254 264 303
127 257 342
106 286 45
35 141 359
107 225 147
219 243 315
216 277 460
201 52 102
29 180 153
193 109 398
31 146 352
240 16 449
171 129 318
290 65 283
83 149 258
228 166 475
84 88 409
171 224 209
266 48 205
71 91 64
143 55 37
254 274 444
165 26 159
249 175 175
225 84 150
181 241 114
206 46 498
9 166 462
260 245 56
213 255 27
238 225 29
100 212 164
6 226 59
222 218 155
78 68 325
216 228 453
197 274 440
259 217 136
93 122 480
259 22 479
245 284 422
23 53 212
98 187 323
25 18 239
271 222 133
237 86 370
185 97 1
165 267 41
273 267 252
193 147 127
205 48 174
91 193 340
10 63 368
50 126 293
122 7 363
121 55 305
84 69 350
186 20 260
42 269 495
70 4 312
201 168 238
14 114 9
141 29 187
106 129 161
21 61 338
21 261 109
290 284 268
240 173 447
201 215 226
249 199 185
163 253 85
1 224 254
90 260 182
217 138 44
1 33 75
110 94 134
167 252 303
147 103 367
208 126 287
122 240 213
117 42 370
137 59 188
106 232 435
235 126 7
229 54 359
288 199 337
76 74 133
172 24 323
206 211 54
192 257 7
84 210 314
242 207 433
271 20 5
247 39 434
49 120 296
170 33 21
87 21 152
198 107 243
139 231 182
39 149 323
262 130 327
117 40 395
277 126 149
28 157 251
184 177 357
182 113 256
293 115 271
274 222 90
53 234 218
69 289 173
221 116 253
215 27 80
20 165 345
128 85 428
255 149 194
218 215 339
174 186 452
24 288 377
50 25 243
244 250 449
266 95 150
216 57 160
293 239 235
179 119 409
226 196 263
63 70 375
259 97 303
35 156 257
271 269 439
181 6 353
260 201 5
207 228 96
183 234 433
250 178 25
171 41 318
92 202 444
111 79 135
174 233 20
54 30 433
106 287 450
158 271 398
211 261 267
37 39 71
144 173 135
186 130 396
252 279 28
226 265 324
227 161 198
213 140 155
135 231 159
21 94 398
27 11 162
48 9 271
114 209 149
128 218 418
44 6 285
73 210 65
106 283 109
264 293 59
204 21 482
153 168 9
279 48 64
200 139 300
87 132 436
93 15 354
159 187 198
189 55 462
284 17 461
199 185 128
240 289 235
189 181 219
207 85 353
62 33 211
115 123 145
178 157 352
174 29 48
281 141 73
245 219 398
114 143 208
132 119 70
257 3 457
40 86 64
39 151 147
117 270 217
168 230 451
26 9 286
241 233 372
96 221 112
8 212 318
37 38 137
193 276 391
157 85 200
225 212 143
105 288 263
274 257 463
182 234 95
24 13 70
197 243 293
37 112 490
198 116 98
129 221 281
289 266 309
277 127 355
241 260 42
142 181 240
116 3 150
87 159 439
253 123 214
157 216 143
283 200 75
195 235 34
241 121 128
205 30 407
142 18 322
45 104 339
4 230 156
63 161 119
147 77 219
62 160 328
204 182 213
33 149 403
26 134 235
151 252 440
77 193 342
149 175 500
204 212 317
248 23 218
92 87 217
52 62 289
80 45 118
23 81 343
139 102 436
208 158 119
174 182 385
80 202 113
170 65 404
284 18 106
107 152 308
101 292 77
219 203 129
157 260 238
269 52 323
187 207 380
148 90 136
182 80 478
28 126 349
50 157 242
68 44 414
234 181 148
266 56 473
214 215 270
190 91 77
193 112 77
60 211 60
108 82 209
71 156 382
93 246 273
156 79 344
111 189 174
147 133 123
23 176 206
242 48 227
175 24 351
192 255 470
259 98 264
14 17 133
276 278 268
149 213 393
58 109 354
143 175 468
110 77 311
145 228 41
143 192 159
67 269 289
162 248 180
94 77 312
59 111 44
172 243 110
260 15 471
229 13 135
20 76 98
261 195 60
187 12 412
268 1 487
249 150 191
15 101 297
89 182 152
27 285 428
167 119 282
63 273 352
204 115 248
121 188 214
100 214 41
81 98 185
285 159 371
171 174 50
114 202 361
274 89 38
243 108 166
276 58 244
237 91 437
171 53 157
105 157 45
224 90 480
232 266 187
89 269 370
192 22 122
227 117 46
14 283 349
20 134 404
8 92 64
31 87 81
257 131 11
166 9 234
214 276 28
151 105 117
133 208 186
206 7 155
252 60 488
11 210 500
290 179 367
282 59 219
136 35 171
221 275 371
70 197 218
293 31 444
159 271 435
76 3 462
73 19 156
224 149 119
109 156 204
77 152 101
68 205 342
271 100 231
50 45 86
130 183 54
264 205 469
0 37 82
131 14 487
260 115 220
45 111 362
203 57 164
228 44 499
252 22 441
61 51 209
245 166 413
92 221 168
61 283 214
207 99 118
96 174 230
206 186 128
151 191 115
216 2 249
257 130 256
189 24 406
155 210 381
283 199 96
260 147 213
239 242 44
283 7 240
47 248 372
26 253 383
126 194 195
83 161 31
249 232 384
173 113 231
40 46 185
235 237 461
137 18 291
25 52 263
227 183 131
212 254 222
97 45 213
241 168 237
188 61 231
203 9 134
17 144 123
259 100 157
183 264 248
48 247 168
256 99 322
97 47 175
89 107 122
207 130 450
192 102 370
211 244 318
143 199 117
257 136 115
273 196 370
254 230 445
263 293 63
38 124 486
147 152 338
258 274 417
242 276 104
271 98 158
223 188 30
62 86 206
178 191 412
13 16 490
292 261 107
74 47 474
56 250 401
19 234 406
8 200 328
147 118 12
224 252 351
64 155 18
159 283 326
51 115 273
215 285 204
88 219 156
258 233 487
101 16 85
116 228 480
115 234 10
228 140 405
16 131 285
65 10 491
13 73 202
261 228 32
127 98 494
200 225 68
131 212 430
246 165 496
26 144 354
42 178 162
90 229 260
277 74 21
240 221 259
117 211 66
26 93 277
235 81 138
130 209 14
73 131 66
184 69 455
160 77 10
188 293 223
89 217 130
88 10 158
4 34 66
201 192 441
209 242 134
129 83 267
229 78 451
109 191 358
36 218 96
187 150 356
103 222 427
204 165 230
102 59 401
243 57 411
289 213 362
74 206 358
239 202 443
193 218 410
192 242 154
46 196 294
37 71 168
160 240 347
130 293 364
56 233 133
104 89 185
257 198 330
187 111 466
14 196 367
70 201 262
63 166 158
109 178 228
228 210 350
54 260 158
51 257 34
5 94 487
57 287 274
194 79 72
123 87 170
227 144 484
228 211 30
109 217 297
129 195 223
87 165 368
124 261 4
65 31 125
54 162 81
168 280 24
142 93 13
263 210 236
49 84 446
269 137 377
7 59 137
292 54 16
227 192 286
13 32 496
148 177 391
250 273 231
281 40 483
164 91 136
209 134 218
108 55 178
6 38 134
10 160 211
118 247 423
273 84 297
46 192 334
4 222 460
29 175 200
79 183 411
95 126 308
45 35 377
285 211 204
58 95 44
205 101 135
63 149 436
213 230 231
175 92 169
49 291 439
259 284 46
175 170 316
16 208 263
77 98 69
247 190 260
100 79 152
153 65 117
267 76 474
35 8 488
187 147 315
126 181 46
290 119 279
5 48 1
164 138 317
275 223 161
198 49 448
194 165 319
196 178 217
254 47 479
293 260 267
276 277 207
266 48 84
234 141 151
126 86 411
140 125 122
205 238 164
217 124 435
10 240 221
168 288 267
174 163 65